311 2
092 2
085 5
281 0
235 5
200 5
277 3
027 1
044 1
287 1
088 5
207 0
099 4
053 4
126 0
135 2
048 1
078 3
291 3
205 5
077 3
162 0
308 0
059 4
084 3
211 3
206 5
253 1
201 5
071 3
137 2
002 1
065 4
161 5
295 2
318 2
062 4
283 1
098 3
110 0
195 5
101 4
051 4
025 1
232 1
147 2
302 2
236 5
268 3
089 0
226 1
320 2
117 0
045 1
032 4
139 0
255 1
096 3
265 3
199 5
057 4
197 5
069 3
066 5
105 2
301 2
124 4
215 4
134 0
263 3
309 0
050 4
154 2
299 0
005 0
102 4
233 1
300 2
118 2
100 4
193 5
113 2
222 1
243 1
040 0
324 4
120 3
315 0
280 4
042 2
164 5
242 1
003 0
202 5
163 5
123 4
279 3
090 2
131 0
260 1
160 5
203 5
209 3
039 2
298 2
149 2
087 5
151 0
060 4
121 4
148 2
031 4
052 0
267 3
208 3
016 1
230 1
068 5
070 3
278 0
214 4
229 1
218 1
145 0
083 3
271 3
